8.899641224696953554e-03 2.039951316839526771e+04 5.654432786100321664e+02
1.507912216506557788e-02 2.437314527694554636e+04 4.649084757228822014e+02
2.144790186456836667e-02 2.421080392707408828e+04 2.957825868912692613e+02
2.783660776489276650e-02 2.140751620731015646e+04 1.713042366005817598e+02
3.435099785803411021e-02 1.804931068107527608e+04 1.339636788641647343e+02
4.047886761425745911e-02 1.533076829679619550e+04 1.005760685800848648e+02
4.676716683575679601e-02 1.336155127565444673e+04 6.928473199111317626e+01
5.308225101765951665e-02 1.188366998918631180e+04 5.643148203298263610e+01
5.945362440940590160e-02 1.099673257970902523e+04 4.627926875625599479e+01
6.576224814588792211e-02 1.032785165669313210e+04 3.943673341264875631e+01
7.196632906698736953e-02 9.442541182569375451e+03 3.028372547196494935e+01
7.827860915688347743e-02 8.555257755141898087e+03 2.853867680252086103e+01
8.470398945834539672e-02 7.630431775984219712e+03 2.255312380263043082e+01
9.096854620527369817e-02 6.775982654796868701e+03 1.727996811680996814e+01
9.720789776830213169e-02 6.089691803901210733e+03 1.692070608838297119e+01
1.034763038959366499e-01 5.510140075275872732e+03 1.422602192811107535e+01
1.097576444254559219e-01 5.123498618040222027e+03 1.151183929722896337e+01
1.160543084780093354e-01 4.821175130764186179e+03 1.097641541742727789e+01
1.223669666537485351e-01 4.575716427453117831e+03 1.057829209155539552e+01
1.286817263090294094e-01 4.372016387769548601e+03 9.007617396294291368e+00
1.349500801664080818e-01 4.117798932760286334e+03 7.058122860519119968e+00
1.411949558842147678e-01 3.858915839847426923e+03 7.140046194918578060e+00
1.475133575747468451e-01 3.600195281894832078e+03 6.162534521059997772e+00
1.537865074252268427e-01 3.365504096148600638e+03 5.035193677840272386e+00
1.600657544051110326e-01 3.159718636167776367e+03 4.948447992756434211e+00
1.663991168687080635e-01 2.981902386816919716e+03 4.864581031437285930e+00
1.727195645776442856e-01 2.844447385834602755e+03 4.676388882134515868e+00
1.789765213377084718e-01 2.727117301994389436e+03 4.058498174388569524e+00
1.852353690647852158e-01 2.623140282229674540e+03 3.381758431996662928e+00
1.914806787341157279e-01 2.515233818817516294e+03 3.195106082894308308e+00
1.977889868651535599e-01 2.413102414520646107e+03 3.544415482025375042e+00
2.040937735447724277e-01 2.317193400899410335e+03 2.889223699159632730e+00
2.103939302609846018e-01 2.227481264731007741e+03 3.031544781474098116e+00
2.166909709822301688e-01 2.132152769045364494e+03 2.516341159191890942e+00
2.229700281216152047e-01 2.046017369649717693e+03 2.882685046283603114e+00
2.292620027086341994e-01 1.978195798134808683e+03 2.282932996836387840e+00
2.355141508366812297e-01 1.909291725172914767e+03 2.341515093432393613e+00
2.417910583817859116e-01 1.848986325314466058e+03 2.300501461346978527e+00
2.480856539439619257e-01 1.791526390265898726e+03 2.154620069404869387e+00
2.543492256872954549e-01 1.738182525331340230e+03 2.112614357335707016e+00
2.606334251884805386e-01 1.690765911563077907e+03 1.738743977001973917e+00
2.669257370896960802e-01 1.639794497712567136e+03 1.855925622677293330e+00
2.732423343141155980e-01 1.591265866824448722e+03 1.719234900209878347e+00
2.795529680084415936e-01 1.546101008519971174e+03 1.581892296800978537e+00
2.858366292314493129e-01 1.505478359070954866e+03 1.554713156558426235e+00
2.920876271394311496e-01 1.466363566728998649e+03 1.505538745151862479e+00
2.983449844439822751e-01 1.427345371540172209e+03 1.464520908420609446e+00
3.046382639407197446e-01 1.392362219817387313e+03 1.381864130827490600e+00
3.109279127003197196e-01 1.360322217645748196e+03 1.396804997802408854e+00
3.172168171618398036e-01 1.331313366567079584e+03 1.255996042546028590e+00
3.235187567944423082e-01 1.298622903677597833e+03 1.292811114212158774e+00
3.298168217550395687e-01 1.271558185987812976e+03 1.174200713663361872e+00
3.361176429457156667e-01 1.244025286878644010e+03 1.200662358974923016e+00
3.423700375709273769e-01 1.216912440172983679e+03 1.101262995984782389e+00
3.486478192666269682e-01 1.192501833963313857e+03 1.095252757592626747e+00
3.549411614411318028e-01 1.169795044533747387e+03 1.061961999890502550e+00
3.611916935421040642e-01 1.145292590937107661e+03 1.090546671134544177e+00
3.674767089563572564e-01 1.123800102809200553e+03 1.053152433152155787e+00
3.737647795277591056e-01 1.102916232111887211e+03 1.021191895039436748e+00
3.800654031475132477e-01 1.082450991870995722e+03 9.974274940298515357e-01
3.863539861259823738e-01 1.065606083659384012e+03 1.027475105162855673e+00
3.926140181364449755e-01 1.044982792634649286e+03 9.232514761698527028e-01
3.989264500321934581e-01 1.027902629145873561e+03 9.528849092445049740e-01
4.052073244576828714e-01 1.011380188267123913e+03 9.237387541681754133e-01
4.114916477570477182e-01 9.945605231443078083e+02 9.182814245696443445e-01
4.177814272116491257e-01 9.788197180065382099e+02 8.060701994025343264e-01
4.240400648725131116e-01 9.634430307556311845e+02 8.258477701068812626e-01
4.303425690270192283e-01 9.491043110421730944e+02 9.343984227881303450e-01
4.366358560255625965e-01 9.343113098238231942e+02 8.036319747709141925e-01
4.428996183220763605e-01 9.192938957768064938e+02 8.401873962436610110e-01
4.491634418529859563e-01 9.076119891189936197e+02 8.327066814134637118e-01
4.554414146254732731e-01 8.949069109401374362e+02 7.961807199842240168e-01
4.617634470301058558e-01 8.819769840297069550e+02 7.200617380337044349e-01
4.680644242023710433e-01 8.702269013980835553e+02 7.660014421728277290e-01
4.743485242764365895e-01 8.585152674675075559e+02 7.327624141399583513e-01
4.806356136815400082e-01 8.471943045196418325e+02 7.487842374763370445e-01
4.869019258388697646e-01 8.362351719001919719e+02 7.128303776824794769e-01
4.931697099599955947e-01 8.255034092343157681e+02 7.273299652751965549e-01
4.994506747144535908e-01 8.152791807020981878e+02 7.538515859702501487e-01
5.057159051335421429e-01 8.053935207495154600e+02 7.125028122214396298e-01
5.119923996268095356e-01 7.953976200839939565e+02 6.876132470521874041e-01
5.183126097768406826e-01 7.861931430260017351e+02 6.481642751536136338e-01
5.246089638029100000e-01 7.760234598726217428e+02 6.369265384391650242e-01
5.308757308483337267e-01 7.677281625989204485e+02 6.056545464748966934e-01
5.371573527946726934e-01 7.583601388558934104e+02 6.841004565589587916e-01
5.434579563783791256e-01 7.503791784910869183e+02 5.942543299317947225e-01
5.497430652392217842e-01 7.411537176507451932e+02 6.114821124176401668e-01
5.559937427501778773e-01 7.341379783798437302e+02 6.360400338969214307e-01
5.622854676609657654e-01 7.258200464802258693e+02 5.615494771669272689e-01
5.686011537227265711e-01 7.183719835017118385e+02 5.658546909555814963e-01
5.748804589422079614e-01 7.103307311461092013e+02 5.373433859254411749e-01
5.811550210340560296e-01 7.031074345007793909e+02 5.473710788045191844e-01
5.874394496660968468e-01 6.954475199120731759e+02 5.670567015946356149e-01
5.937176220296899176e-01 6.890055435144058720e+02 5.482570082989077775e-01
5.999971954793682505e-01 6.824070661039374954e+02 5.584238434418258290e-01
6.062679115124277596e-01 6.756937894871897470e+02 5.757206618309175239e-01
6.125469576444534381e-01 6.689895222210762995e+02 5.373947807452802428e-01
6.188477733041515272e-01 6.620944500942988498e+02 5.072462276447110563e-01
6.251310567437898813e-01 6.560001506079155433e+02 5.235448975860674814e-01
6.314027450383210560e-01 6.503741353629181958e+02 4.692733358676176580e-01
6.377003562732055375e-01 6.440893991068152218e+02 5.311064919202098666e-01
6.439857783314556494e-01 6.380004939695381836e+02 4.815882154184077391e-01
6.502685417166111925e-01 6.317698314624697105e+02 4.730804817760199121e-01
6.565586117699038216e-01 6.264830840345238130e+02 5.165315411457671591e-01
6.628369282359254377e-01 6.206529746053208783e+02 5.221441649900995241e-01
6.691185444962194362e-01 6.153265300957574482e+02 4.667817719816615418e-01
6.754070198575605755e-01 6.099664903352073679e+02 4.526216348681476598e-01
6.816835514593204692e-01 6.048758560513621205e+02 4.574226266207269687e-01
6.879592533861698112e-01 5.995984154491347908e+02 4.827288298758578011e-01
6.942344317039531587e-01 5.947463571362236507e+02 4.858848002762534146e-01
7.005175402434737908e-01 5.898125944088741335e+02 4.652482961924976346e-01
7.068124956608716758e-01 5.847921916381425262e+02 4.323790771203502858e-01
7.131019009674921527e-01 5.802067943560410868e+02 4.385809119024619562e-01
7.193918251171427247e-01 5.752864583396481066e+02 4.403546841582691718e-01
7.256833807598113140e-01 5.702012937236755761e+02 4.266254485108437189e-01
7.319652682709349989e-01 5.662747427847923518e+02 4.381084442810905810e-01
7.382507990484923344e-01 5.616027663136466117e+02 4.227757220456825893e-01
7.445265842115937893e-01 5.570272150385044370e+02 4.357605893863691904e-01
7.507871101942712455e-01 5.530572052085130963e+02 4.215184776329561345e-01
7.570758465316046459e-01 5.486510386060753035e+02 3.946378797286114737e-01
7.633641233600957365e-01 5.443170887573179471e+02 3.931447207521626686e-01
7.696462959862266917e-01 5.400905240096543594e+02 3.958797379014947215e-01
7.759394865175414102e-01 5.361694787260788644e+02 4.138903343612589936e-01
7.822329141989586843e-01 5.322730883386279856e+02 3.858537023974522584e-01
7.885314936520240181e-01 5.281870867995529579e+02 3.897259644578519588e-01
7.947896566979522071e-01 5.239865666209777828e+02 3.763954696327758143e-01
