8.899641224696953554e-03
1.507912216506557788e-02
2.144790186456836667e-02
2.783660776489276650e-02
3.435099785803411021e-02
4.047886761425745911e-02
4.676716683575679601e-02
5.308225101765951665e-02
5.945362440940590160e-02
6.576224814588792211e-02
7.196632906698736953e-02
7.827860915688347743e-02
8.470398945834539672e-02
9.096854620527369817e-02
9.720789776830213169e-02
1.034763038959366499e-01
1.097576444254559219e-01
1.160543084780093354e-01
1.223669666537485351e-01
1.286817263090294094e-01
1.349500801664080818e-01
1.411949558842147678e-01
1.475133575747468451e-01
1.537865074252268427e-01
1.600657544051110326e-01
1.663991168687080635e-01
1.727195645776442856e-01
1.789765213377084718e-01
1.852353690647852158e-01
1.914806787341157279e-01
1.977889868651535599e-01
2.040937735447724277e-01
2.103939302609846018e-01
2.166909709822301688e-01
2.229700281216152047e-01
2.292620027086341994e-01
2.355141508366812297e-01
2.417910583817859116e-01
2.480856539439619257e-01
2.543492256872954549e-01
2.606334251884805386e-01
2.669257370896960802e-01
2.732423343141155980e-01
2.795529680084415936e-01
2.858366292314493129e-01
2.920876271394311496e-01
2.983449844439822751e-01
3.046382639407197446e-01
3.109279127003197196e-01
3.172168171618398036e-01
3.235187567944423082e-01
3.298168217550395687e-01
3.361176429457156667e-01
3.423700375709273769e-01
3.486478192666269682e-01
3.549411614411318028e-01
3.611916935421040642e-01
3.674767089563572564e-01
3.737647795277591056e-01
3.800654031475132477e-01
3.863539861259823738e-01
3.926140181364449755e-01
3.989264500321934581e-01
4.052073244576828714e-01
4.114916477570477182e-01
4.177814272116491257e-01
4.240400648725131116e-01
4.303425690270192283e-01
4.366358560255625965e-01
4.428996183220763605e-01
4.491634418529859563e-01
4.554414146254732731e-01
4.617634470301058558e-01
4.680644242023710433e-01
4.743485242764365895e-01
4.806356136815400082e-01
4.869019258388697646e-01
4.931697099599955947e-01
4.994506747144535908e-01
5.057159051335421429e-01
5.119923996268095356e-01
5.183126097768406826e-01
5.246089638029100000e-01
5.308757308483337267e-01
5.371573527946726934e-01
5.434579563783791256e-01
5.497430652392217842e-01
5.559937427501778773e-01
5.622854676609657654e-01
5.686011537227265711e-01
5.748804589422079614e-01
5.811550210340560296e-01
5.874394496660968468e-01
5.937176220296899176e-01
5.999971954793682505e-01
6.062679115124277596e-01
6.125469576444534381e-01
6.188477733041515272e-01
6.251310567437898813e-01
6.314027450383210560e-01
6.377003562732055375e-01
6.439857783314556494e-01
6.502685417166111925e-01
6.565586117699038216e-01
6.628369282359254377e-01
6.691185444962194362e-01
6.754070198575605755e-01
6.816835514593204692e-01
6.879592533861698112e-01
6.942344317039531587e-01
7.005175402434737908e-01
7.068124956608716758e-01
7.131019009674921527e-01
7.193918251171427247e-01
7.256833807598113140e-01
7.319652682709349989e-01
7.382507990484923344e-01
7.445265842115937893e-01
7.507871101942712455e-01
7.570758465316046459e-01
7.633641233600957365e-01
7.696462959862266917e-01
7.759394865175414102e-01
7.822329141989586843e-01
7.885314936520240181e-01
7.947896566979522071e-01
8.010491096592354809e-01
8.073364061727361651e-01
8.136229488373866170e-01
8.199152998961036776e-01
8.261952636392789762e-01
8.324897070080405914e-01
8.387959309210778480e-01
8.450634639703045181e-01
8.513282867562648182e-01
8.576198263902009566e-01
8.639058477062415697e-01
8.701838745487597837e-01
8.764641096075268534e-01
8.827503873399735745e-01
8.890332768393869323e-01
8.953084247113127780e-01
9.015956521667095602e-01
9.078833328094829680e-01
9.141744106319863450e-01
9.204630817717615043e-01
9.267434415264711456e-01
9.330324197354928906e-01
9.393265785573878812e-01
9.455974810398196650e-01
9.518660018545171964e-01
9.581413255531838757e-01
9.644350945109106954e-01
9.707355633568249820e-01
9.770080768450029041e-01
9.832823325363413414e-01
9.895569691966674686e-01
9.958456301921106979e-01
1.002136210743837408e+00
1.008404825335135424e+00
1.014694149836243398e+00
1.020992555437297167e+00
1.027273980437394485e+00
1.033559181896017254e+00
1.039847557392594934e+00
1.046126974943305088e+00
1.052403436811028659e+00
1.058680704651608684e+00
1.064964333065789193e+00
1.071256777440835473e+00
1.077544048801078125e+00
1.083824820188043603e+00
1.090108023942816695e+00
1.096389665956643222e+00
1.102681132058841440e+00
1.108963047594879958e+00
1.115225428463759272e+00
1.121502127614767863e+00
1.127792573824792033e+00
1.134089552668382961e+00
1.140364049650405942e+00
1.146639180320979445e+00
1.152942412991649901e+00
1.159228906751078814e+00
1.165508721887268173e+00
1.171793076256210320e+00
1.178087436369658958e+00
1.184367654251526902e+00
1.190634642299266632e+00
1.196912208834400859e+00
1.203201577354146234e+00
1.209486844441705733e+00
1.215763902074809888e+00
1.222049755171146668e+00
1.228340616621486969e+00
1.234632986576932767e+00
1.240902247176856488e+00
1.247174839144687519e+00
1.253465459933442272e+00
1.259749951892178421e+00
1.266032143127253873e+00
1.272316288472006507e+00
1.278604155058621350e+00
1.284886588933593865e+00
1.291175420066583257e+00
1.297465726373772332e+00
1.303741827011944299e+00
1.310017322922761851e+00
1.316301447662886703e+00
1.322586760363303249e+00
1.328865492452874664e+00
1.335144804954555564e+00
1.341440516272275119e+00
1.347730868417094552e+00
1.354001589994877630e+00
1.360282609297778444e+00
1.366565686457597906e+00
1.372851498482432708e+00
1.379135372929401804e+00
1.385409567149057164e+00
1.391698641219299315e+00
1.397984451439470810e+00
1.404267883409181961e+00
1.410554779484869181e+00
1.416837833547465397e+00
1.423118177187137068e+00
1.429397801164240089e+00
1.435686921822787232e+00
1.441977121769299597e+00
1.448253667853332427e+00
1.454532348972172651e+00
1.460819319151879903e+00
1.467110364402026468e+00
1.473392908948962132e+00
1.479669965243598950e+00
1.485956144602843532e+00
1.492233610763115115e+00
1.498502470379980078e+00
1.504785752051182701e+00
1.511075991894575976e+00
1.517361634985162189e+00
1.523648570969130533e+00
1.529938035715892264e+00
1.536230176913891965e+00
1.542510718779388279e+00
1.548783963082980275e+00
1.555073069779651318e+00
1.561357324927233892e+00
1.567629121053141006e+00
1.573913697404382583e+00
1.580203545230874029e+00
1.586485393434537983e+00
1.592760014263005841e+00
1.599046436394670812e+00
1.605342136637478934e+00
1.611619860919608627e+00
1.617897597081673799e+00
1.624183235481122756e+00
1.630464598531913722e+00
1.636748985747638274e+00
1.643030923698886259e+00
1.649309176648513064e+00
1.655593633940351861e+00
1.661879571405086464e+00
1.668169361685170271e+00
1.674450151530487485e+00
1.680722718978495900e+00
1.687013891340952476e+00
1.693308984907921033e+00
1.699582147428448486e+00
1.705863747055134105e+00
1.712154434283889470e+00
1.718438381579399321e+00
1.724721264464063930e+00
1.730997441276920679e+00
1.737287073528269499e+00
1.743567991878527401e+00
1.749840680212231048e+00
1.756128549091961144e+00
1.762413535324792502e+00
1.768696187669963837e+00
1.774979359379055266e+00
1.781265555576432957e+00
1.787549427830244619e+00
1.793834120011633004e+00
1.800115051552487300e+00
1.806393904854530330e+00
1.812674089667083432e+00
1.818956920109354058e+00
1.825244164118212220e+00
1.831527256642196955e+00
1.837811294935716599e+00
1.844100717411196744e+00
1.850384816792487230e+00
1.856666059735203822e+00
1.862947728675613979e+00
1.869229324466858078e+00
1.875517616802973686e+00
1.881800769033795229e+00
1.888078863416442710e+00
1.894353975182237582e+00
1.900642716154182565e+00
1.906933494748685121e+00
1.913207568676573933e+00
1.919490884732178992e+00
1.925776855684274480e+00
1.932064452961978152e+00
1.938342610030488800e+00
1.944618341543410178e+00
1.950906260203513876e+00
1.957194556613796488e+00
1.963479614559011432e+00
1.969760361532916226e+00
1.976048367034604736e+00
1.982337990217652335e+00
1.988617489259562721e+00
1.994896320665194178e+00
2.001179596222827151e+00
2.007459756923499761e+00
2.013737397779169935e+00
2.020017234677497164e+00
2.026310251015072783e+00
2.032600542948020284e+00
2.038873863192099289e+00
2.045154087821675404e+00
2.051444704514288730e+00
2.057730430280644729e+00
2.064013940455224461e+00
2.070299891179459895e+00
2.076589719964883951e+00
2.082865483794470673e+00
2.089134494859368640e+00
2.095424211360070288e+00
2.101707116664804254e+00
2.107986473933564309e+00
2.114271806543862375e+00
2.120552717288892275e+00
2.126836933207161717e+00
2.133122044791171845e+00
2.139411711910842673e+00
2.145697076775292089e+00
2.151973548606471276e+00
2.158259913555724108e+00
2.164545396699105506e+00
2.170830700377734068e+00
2.177114138849150393e+00
2.183387647576827018e+00
2.189670273687676971e+00
2.195960147934207463e+00
2.202242556317716371e+00
2.208521655981037668e+00
2.214804637081333016e+00
2.221092583349425276e+00
2.227372893591468728e+00
2.233657161144248171e+00
2.239943485394438660e+00
2.246224175264620815e+00
2.252506378421252009e+00
2.258783417054270437e+00
2.265069077371457684e+00
2.271350377044131452e+00
2.277633995145353918e+00
2.283922419579920149e+00
2.290202874392252674e+00
2.296490779970905560e+00
2.302771769934229162e+00
2.309051364164305564e+00
2.315338502539088239e+00
2.321627336503874428e+00
2.327911878297218795e+00
2.334186238580297168e+00
2.340467971862688401e+00
2.346756940970738725e+00
2.353044444556199988e+00
2.359327653314069906e+00
2.365603048789861607e+00
2.371885911737665165e+00
2.378173303594019572e+00
2.384454016539381271e+00
2.390736447344785187e+00
2.397014133897952259e+00
2.403295490074321972e+00
2.409585049672506862e+00
2.415871703165322071e+00
2.422160652369088840e+00
2.428440167222748691e+00
2.434717472383889803e+00
2.441002456202044257e+00
2.447289980304530488e+00
2.453571844729242279e+00
2.459852705114058846e+00
2.466139233225018934e+00
2.472421963421291391e+00
2.478698519174224568e+00
2.484980841400355800e+00
2.491269319409339822e+00
2.497548505139029373e+00
2.503831667172610853e+00
2.510117938323931153e+00
2.516400733681277480e+00
2.522688226833368130e+00
2.528971695852665569e+00
2.535252039407670299e+00
2.541537514142774512e+00
2.547823008847572179e+00
2.554100666580690238e+00
2.560376788884177301e+00
2.566667521601497359e+00
2.572955062237090473e+00
2.579233771797999175e+00
2.585520164300948220e+00
2.591805130332431872e+00
2.598084074692260881e+00
2.604360404197643586e+00
2.610647185140439142e+00
2.616931864059273138e+00
2.623206107911065565e+00
2.629491626543270844e+00
2.635778507982642349e+00
2.642061039325260818e+00
2.648343840729305843e+00
2.654631838974855551e+00
2.660919001246303761e+00
2.667198525130066056e+00
2.673484307038032526e+00
2.679773388053849459e+00
2.686058217632288692e+00
2.692338738200057868e+00
2.698618022887226964e+00
2.704895450708277860e+00
2.711175674923682166e+00
2.717459832966957922e+00
2.723745731959044569e+00
2.730038414850594730e+00
2.736317989800789441e+00
2.742591858549239703e+00
2.748879749010778362e+00
2.755163403825859447e+00
2.761446955625852073e+00
2.767732088935374701e+00
2.774015452421743966e+00
2.780298635700591436e+00
2.786577474762241380e+00
2.792857983210164541e+00
2.799143790920211483e+00
2.805430058399325244e+00
2.811715058209780072e+00
2.817989272498773623e+00
2.824269171595737760e+00
2.830563016441804081e+00
2.836848750951622034e+00
2.843130027866129783e+00
2.849413896912404986e+00
2.855697464522425566e+00
2.861978799810683594e+00
2.868262469415629567e+00
2.874547359206753860e+00
2.880831111471525041e+00
2.887113216972382546e+00
2.893394504725182781e+00
2.899673662137033592e+00
2.905953958587380814e+00
2.912241118105161064e+00
2.918525996366671205e+00
2.924809035425688819e+00
2.931095916293684933e+00
2.937378182606774413e+00
2.943659980254369923e+00
2.949946454403890250e+00
2.956227653702202307e+00
2.962510478867462993e+00
2.968796535179442309e+00
2.975077657376874907e+00
2.981359866759223376e+00
2.987646761575656562e+00
2.993929038370399365e+00
3.000206214840962726e+00
3.006486172402415669e+00
3.012769812211594456e+00
3.019053144326170113e+00
3.025337405144251424e+00
3.031623734799107961e+00
3.037908962055872575e+00
3.044195067146031608e+00
3.050475543482170426e+00
3.056754954538277502e+00
3.063040539557494668e+00
3.069323699454357346e+00
3.075610692642898769e+00
3.081893798009918584e+00
3.088174549548037717e+00
3.094458635632868493e+00
3.100743982931558840e+00
3.107028111748448396e+00
3.113309299655494300e+00
3.119590662867241626e+00
3.125874006820172912e+00
3.132159251154602586e+00
3.138439172765940643e+00
3.144723867719826593e+00
3.151003951258561031e+00
3.157283664131563139e+00
3.163569317183839935e+00
3.169851661717792091e+00
3.176137704316093657e+00
3.182420924828643916e+00
3.188702811875577581e+00
3.194990520008989865e+00
3.201275324656983834e+00
3.207551352179861759e+00
3.213835216737041645e+00
3.220122579819103770e+00
3.226406606618656525e+00
3.232687390085645429e+00
3.238969121280456331e+00
3.245254751548589667e+00
3.251534499036136783e+00
3.257817780791052442e+00
3.264102164154097263e+00
3.270384152138468892e+00
3.276669427476867735e+00
3.282954688864507808e+00
3.289237200334947264e+00
3.295519587088236779e+00
3.301805977329951958e+00
3.308087486222440088e+00
3.314367630234227313e+00
3.320651909732194262e+00
3.326931260376857047e+00
3.333216512447217728e+00
3.339504489419978128e+00
3.345786804809928405e+00
3.352071130016277767e+00
3.358351496304225581e+00
3.364630591073392019e+00
3.370916305215045483e+00
3.377197952029413752e+00
3.383483063818085501e+00
3.389769992424469969e+00
3.396051330885982100e+00
3.402330879139463971e+00
3.408610488352048495e+00
3.414897837696641236e+00
3.421180484052105619e+00
3.427461639653846870e+00
3.433749159643459059e+00
3.440032646656798310e+00
3.446313366033385339e+00
3.452600135384134905e+00
3.458883152815406703e+00
3.465163834403715448e+00
3.471449329786229221e+00
3.477734476754053894e+00
3.484019652467224226e+00
3.490297019369712928e+00
3.496582486484379970e+00
3.502868048046865024e+00
3.509144649545451244e+00
3.515428082003116295e+00
3.521711031624695565e+00
3.527991850954735664e+00
3.534275545726699885e+00
3.540562632020772149e+00
3.546844410757220789e+00
3.553131386753758836e+00
3.559419203211965144e+00
3.565697971577579839e+00
3.571979559134798254e+00
3.578265774595833726e+00
3.584548309769353125e+00
3.590826843920031486e+00
3.597107306745233934e+00
3.603392831792229245e+00
3.609673209822572559e+00
3.615955412133016189e+00
3.622241607772384686e+00
3.628520252736676444e+00
3.634804827569451113e+00
3.641094981788862928e+00
3.647383514928639325e+00
3.653663283927725658e+00
3.659943504072155296e+00
3.666232000281138603e+00
3.672514211678317597e+00
3.678794154686042539e+00
3.685078621861909820e+00
3.691359210097977961e+00
3.697642368173791105e+00
3.703925796735277665e+00
3.710208240364660348e+00
3.716494593122387169e+00
3.722775386659595398e+00
3.729058392883481510e+00
3.735339748210807720e+00
3.741620776392969638e+00
3.747904795418762980e+00
3.754190633281219380e+00
3.760478208018912749e+00
3.766755538573464346e+00
3.773032090135151506e+00
3.779322553012896879e+00
3.785609109731308930e+00
3.791889825936295200e+00
3.798174822702435893e+00
3.804458658753491651e+00
3.810738438095723435e+00
3.817018850285747167e+00
3.823305314209427763e+00
3.829591295197792178e+00
3.835872296070849341e+00
3.842156279590906109e+00
3.848441511099312429e+00
3.854723334376886079e+00
3.861004740704794713e+00
3.867284336650660848e+00
3.873567367678779849e+00
3.879850662830422792e+00
3.886137063198143338e+00
3.892419463049126005e+00
3.898703740328622658e+00
3.904991458788179326e+00
3.911270842222104083e+00
3.917549806479573071e+00
3.923836006203090587e+00
3.930121452497870926e+00
3.936398172858230460e+00
3.942683040425962293e+00
3.948974759704379611e+00
3.955259227995065352e+00
3.961537174921395454e+00
3.967820217617139544e+00
3.974105559832568968e+00
3.980384727931198352e+00
3.986664590839849698e+00
3.992949619150675034e+00
3.999235075769965952e+00
4.005515715515433506e+00
4.011798434346478537e+00
4.018083716245132386e+00
4.024365700052603856e+00
4.030643960839860540e+00
4.036928708926215137e+00
4.043218157412017177e+00
4.049503019487663558e+00
4.055781898960511000e+00
4.062060795621602161e+00
4.068347865354716042e+00
4.074631027173265529e+00
4.080910837526078971e+00
4.087201203341442657e+00
4.093486818591942189e+00
4.099764387336505500e+00
4.106049166937662420e+00
4.112334559041358695e+00
4.118618926059533614e+00
4.124898942031112625e+00
4.131175432561665417e+00
4.137461563786142271e+00
4.143746006210170307e+00
4.150029800482964326e+00
4.156313390684649001e+00
4.162596105843763716e+00
4.168881843141768684e+00
4.175162111073220217e+00
4.181448573417560155e+00
4.187738782464171194e+00
4.194017437180169061e+00
4.200293572701767175e+00
4.206580195481546269e+00
4.212860644652220543e+00
4.219138153430114002e+00
4.225426162098283811e+00
4.231713506719782636e+00
4.237990056577191744e+00
4.244267783646744618e+00
4.250560660182562955e+00
4.256847734842668096e+00
4.263127100734456221e+00
4.269406860432507500e+00
4.275691671482192646e+00
4.281972414189518794e+00
4.288253516806755705e+00
4.294540520160492925e+00
4.300825742921731809e+00
4.307109835491901961e+00
4.313390926478413157e+00
4.319667979480563247e+00
4.325952598143786076e+00
4.332241647035422361e+00
4.338524445619096781e+00
4.344809348131129845e+00
4.351090699193166600e+00
4.357369710808320029e+00
4.363659348967174445e+00
4.369947418280990981e+00
4.376226569265827315e+00
4.382499356631129217e+00
4.388784975178015024e+00
4.395068696309480494e+00
4.401347962382031298e+00
4.407628405096517099e+00
4.413915862185140426e+00
4.420203163534264235e+00
4.426480311003382795e+00
4.432765973643649104e+00
4.439053392023870614e+00
4.445336141335588742e+00
4.451617241414883352e+00
4.457901500730311106e+00
4.464189501093017043e+00
4.470470197548729985e+00
4.476748044268524573e+00
4.483035990164653484e+00
4.489323331650528104e+00
4.495599111667934800e+00
4.501870922878794090e+00
4.508155162877705457e+00
4.514446451153479423e+00
4.520723894043856994e+00
4.527003782460155890e+00
4.533293086610313161e+00
4.539578989864040182e+00
4.545857164866476730e+00
4.552138955546025656e+00
4.558432046889146605e+00
4.564713463378488711e+00
4.570987274133244682e+00
4.577274818151045643e+00
4.583563263889338657e+00
4.589844917004465508e+00
4.596126259982004747e+00
4.602409075598298926e+00
4.608696634867644804e+00
4.614977646498861219e+00
4.621258953029527383e+00
4.627547993978874175e+00
4.633830152730579854e+00
4.640104005367354567e+00
4.646382060386754276e+00
4.652674213731970987e+00
4.658958291796220230e+00
4.665233615070169648e+00
4.671520675710307380e+00
4.677814351732177300e+00
4.684093699744638073e+00
4.690368661472568590e+00
4.696663270746453733e+00
4.702945459248681459e+00
4.709209170841929470e+00
4.715491634753063543e+00
4.721784316284933780e+00
4.728063062331094635e+00
4.734337423381671073e+00
4.740627024094544062e+00
4.746914995664547554e+00
4.753194740071086777e+00
4.759478891864783456e+00
4.765762396877359031e+00
4.772049481246195768e+00
4.778335091022592351e+00
4.784610831402393849e+00
4.790907306208476157e+00
4.797204047706418173e+00
4.803470827697504220e+00
4.809748850577324042e+00
4.816045316586602176e+00
4.822329240673497885e+00
4.828596758226470165e+00
4.834890332961369275e+00
4.841191655056394261e+00
4.847460407468000554e+00
4.853732128521334843e+00
4.860029138783373170e+00
4.866314601732018019e+00
4.872587026269203925e+00
4.878874221748241702e+00
4.885171078138658807e+00
4.891450629931857641e+00
4.897716482750221978e+00
4.904002834596266069e+00
4.910295858205786068e+00
4.916575188115905881e+00
4.922847946197084212e+00
4.929131667457151700e+00
4.935434460144239033e+00
4.941718513303545279e+00
4.947978624761803168e+00
4.954274999209829389e+00
4.960571094729937514e+00
4.966823207626954506e+00
4.973097418390337587e+00
4.979415129936382023e+00
4.985702082330368157e+00
4.991949985828016523e+00
4.998241586316924057e+00
5.004556635606089543e+00
5.010828655701208945e+00
5.017077229702536556e+00
5.023374414758113637e+00
5.029688873569548413e+00
5.035958413584124216e+00
5.042232667658486989e+00
5.048528755870775875e+00
5.054821121427484520e+00
5.061069509814582368e+00
5.067347812754101177e+00
5.073675050630431116e+00
5.079945928388977627e+00
5.086192992546071601e+00
5.092484128970163226e+00
5.098802924706086870e+00
5.105078217426394005e+00
5.111325076574067872e+00
5.117628358851224135e+00
5.123935939383525984e+00
5.130199176325612065e+00
5.136469985878846956e+00
5.142797788696348071e+00
5.149090378043822192e+00
5.155289879840074363e+00
5.161564521234301317e+00
5.167916673496016244e+00
5.174205974602950064e+00
5.180434820793812456e+00
5.186729096569634656e+00
5.193058481037780894e+00
5.199319511444338460e+00
5.205574295584361799e+00
5.211894977074066126e+00
5.218201708336958511e+00
5.224411911780083351e+00
5.230677632666463239e+00
5.237056729559757429e+00
5.243336785035660697e+00
5.249493476178225038e+00
5.255787017738318134e+00
5.262205327426889845e+00
5.268477758348532269e+00
5.274632213654732560e+00
5.280950543314659740e+00
5.287327645024750389e+00
5.293582359180156516e+00
5.299789992649893478e+00
5.306111460381987222e+00
5.312452717892129250e+00
5.318650122853046724e+00
5.324923043129819789e+00
5.331330237158205421e+00
5.337586726886338617e+00
5.343685192440848830e+00
5.350070659715249199e+00
5.356556762554878226e+00
5.362691868684501095e+00
5.368769208912516966e+00
5.375270137997677722e+00
5.381769983045385786e+00
5.387701030372958222e+00
5.393786668001271600e+00
5.400446161099396569e+00
5.406957063684501463e+00
5.412655672453426270e+00
5.418821279260546575e+00
5.425690594366304076e+00
5.432217487502165376e+00
5.437649811577258241e+00
5.443914404015878006e+00
5.450953501686320202e+00
5.457483690405861232e+00
5.462715250135157241e+00
5.469033575551323523e+00
5.476177730420278778e+00
5.482708935702562236e+00
5.487722405008360838e+00
5.494194284996126498e+00
5.501391471009256406e+00
5.507128202673079009e+00
5.512278020050448646e+00
5.519395563377015534e+00
5.526598678609708770e+00
5.532162682462509196e+00
5.537397124017139127e+00
5.544582756485218589e+00
5.551739327507637434e+00
5.557493306674907707e+00
5.562281709102816940e+00
5.569272720323164449e+00
2.039951316839526771e+04
2.437314527694554636e+04
2.421080392707408828e+04
2.140751620731015646e+04
1.804931068107527608e+04
1.533076829679619550e+04
1.336155127565444673e+04
1.188366998918631180e+04
1.099673257970902523e+04
1.032785165669313210e+04
9.442541182569375451e+03
8.555257755141898087e+03
7.630431775984219712e+03
6.775982654796868701e+03
6.089691803901210733e+03
5.510140075275872732e+03
5.123498618040222027e+03
4.821175130764186179e+03
4.575716427453117831e+03
4.372016387769548601e+03
4.117798932760286334e+03
3.858915839847426923e+03
3.600195281894832078e+03
3.365504096148600638e+03
3.159718636167776367e+03
2.981902386816919716e+03
2.844447385834602755e+03
2.727117301994389436e+03
2.623140282229674540e+03
2.515233818817516294e+03
2.413102414520646107e+03
2.317193400899410335e+03
2.227481264731007741e+03
2.132152769045364494e+03
2.046017369649717693e+03
1.978195798134808683e+03
1.909291725172914767e+03
1.848986325314466058e+03
1.791526390265898726e+03
1.738182525331340230e+03
1.690765911563077907e+03
1.639794497712567136e+03
1.591265866824448722e+03
1.546101008519971174e+03
1.505478359070954866e+03
1.466363566728998649e+03
1.427345371540172209e+03
1.392362219817387313e+03
1.360322217645748196e+03
1.331313366567079584e+03
1.298622903677597833e+03
1.271558185987812976e+03
1.244025286878644010e+03
1.216912440172983679e+03
1.192501833963313857e+03
1.169795044533747387e+03
1.145292590937107661e+03
1.123800102809200553e+03
1.102916232111887211e+03
1.082450991870995722e+03
1.065606083659384012e+03
1.044982792634649286e+03
1.027902629145873561e+03
1.011380188267123913e+03
9.945605231443078083e+02
9.788197180065382099e+02
9.634430307556311845e+02
9.491043110421730944e+02
9.343113098238231942e+02
9.192938957768064938e+02
9.076119891189936197e+02
8.949069109401374362e+02
8.819769840297069550e+02
8.702269013980835553e+02
8.585152674675075559e+02
8.471943045196418325e+02
8.362351719001919719e+02
8.255034092343157681e+02
8.152791807020981878e+02
8.053935207495154600e+02
7.953976200839939565e+02
7.861931430260017351e+02
7.760234598726217428e+02
7.677281625989204485e+02
7.583601388558934104e+02
7.503791784910869183e+02
7.411537176507451932e+02
7.341379783798437302e+02
7.258200464802258693e+02
7.183719835017118385e+02
7.103307311461092013e+02
7.031074345007793909e+02
6.954475199120731759e+02
6.890055435144058720e+02
6.824070661039374954e+02
6.756937894871897470e+02
6.689895222210762995e+02
6.620944500942988498e+02
6.560001506079155433e+02
6.503741353629181958e+02
6.440893991068152218e+02
6.380004939695381836e+02
6.317698314624697105e+02
6.264830840345238130e+02
6.206529746053208783e+02
6.153265300957574482e+02
6.099664903352073679e+02
6.048758560513621205e+02
5.995984154491347908e+02
5.947463571362236507e+02
5.898125944088741335e+02
5.847921916381425262e+02
5.802067943560410868e+02
5.752864583396481066e+02
5.702012937236755761e+02
5.662747427847923518e+02
5.616027663136466117e+02
5.570272150385044370e+02
5.530572052085130963e+02
5.486510386060753035e+02
5.443170887573179471e+02
5.400905240096543594e+02
5.361694787260788644e+02
5.322730883386279856e+02
5.281870867995529579e+02
5.239865666209777828e+02
5.202215487980106445e+02
5.166774638734509608e+02
5.124283132119912807e+02
5.090917846517369867e+02
5.052467540474739280e+02
5.017394817841683903e+02
4.983016839261661062e+02
4.947788832570199702e+02
4.912961847859054956e+02
4.878557979181703672e+02
4.841297096240654128e+02
4.813126049788196497e+02
4.775862140597995449e+02
4.746568045277342662e+02
4.716428525722861309e+02
4.682496154561957269e+02
4.650183243245220979e+02
4.622473929440191114e+02
4.589272221032279617e+02
4.559965603698983614e+02
4.528401172203607530e+02
4.498036887044414698e+02
4.469328217179253784e+02
4.438550233855877991e+02
4.412060762853293454e+02
4.384034024829534815e+02
4.355610866139750783e+02
4.326753807724804801e+02
4.301418680768033482e+02
4.274819767225120586e+02
4.246803864055298732e+02
4.219302761882178174e+02
4.193896780515595424e+02
4.167554122267786170e+02
4.141659688454530510e+02
4.117646762587294234e+02
4.091592410049377690e+02
4.067801274804415357e+02
4.041167427448294802e+02
4.015032345325910796e+02
3.992979070281173222e+02
3.968236374300172429e+02
3.944296557376097212e+02
3.921240495638742800e+02
3.896807697520304146e+02
3.871996253974051001e+02
3.849781432031332429e+02
3.827877323032165577e+02
3.806351098469253316e+02
3.782374917312922662e+02
3.760004079791517029e+02
3.738150637989841130e+02
3.718565621332766113e+02
3.696419121455048185e+02
3.674597928039584644e+02
3.653124760269617468e+02
3.630514067831518332e+02
3.610086821798563506e+02
3.590163179847023116e+02
3.568969867801258147e+02
3.549737903371647576e+02
3.528321769596300896e+02
3.508139700442726507e+02
3.488634139876370455e+02
3.468658695312509508e+02
3.450235879790642457e+02
3.430946039626098241e+02
3.410012877858254114e+02
3.391162384434177284e+02
3.372275603181011547e+02
3.353480954115036639e+02
3.335100388762992907e+02
3.317231451734867846e+02
3.297527445864338347e+02
3.278670868767270576e+02
3.261279928943997675e+02
3.244057167186534798e+02
3.226469156228894235e+02
3.208174550669590985e+02
3.190712707414445504e+02
3.173780782426410383e+02
3.156228765609582751e+02
3.140081618658076081e+02
3.122310481391236863e+02
3.105675007280187288e+02
3.089633476163327259e+02
3.071078421545528272e+02
3.053992741724730990e+02
3.039516886398424163e+02
3.023524100838653794e+02
3.007842850307123399e+02
2.991261364263531277e+02
2.974599011609985268e+02
2.959174252163240908e+02
2.943438383426159817e+02
2.928288237612939611e+02
2.912167396023922947e+02
2.895978471543506885e+02
2.880843861451905354e+02
2.867227409387195962e+02
2.851483470273770422e+02
2.836801656552843269e+02
2.821516624284595309e+02
2.807680866218174174e+02
2.792377555793062243e+02
2.778114638970167221e+02
2.763205483984615967e+02
2.749750403767026228e+02
2.735041650848091876e+02
2.721138720837425922e+02
2.706277722515556547e+02
2.692878858493075427e+02
2.679705384781015027e+02
2.665253881613440399e+02
2.651943009755634648e+02
2.638644609196507531e+02
2.625996803199245733e+02
2.611848788714925718e+02
2.598696915925315238e+02
2.585791947532796371e+02
2.572362190651859919e+02
2.559847106719678891e+02
2.546668976582192272e+02
2.534127099859142334e+02
2.521752228245279923e+02
2.507811046078457480e+02
2.496267291801896988e+02
2.483317055272373182e+02
2.471536375106971661e+02
2.459226606067510090e+02
2.447209914875307391e+02
2.434555740221238693e+02
2.422835131010683369e+02
2.410635205845338760e+02
2.399192957082704254e+02
2.387549382932460276e+02
2.374836655066542050e+02
2.363922541215269177e+02
2.352462543451457293e+02
2.340842347468300773e+02
2.329217110199023466e+02
2.318588435173418247e+02
2.307596963520897759e+02
2.295613847372112275e+02
2.284699584250656414e+02
2.273386541261587013e+02
2.261980605477877191e+02
2.252306917915092299e+02
2.240668911693614689e+02
2.229883412660159649e+02
2.218965911627402363e+02
2.208379364950063177e+02
2.198819050033354188e+02
2.187734262278491144e+02
2.177469844278365372e+02
2.167503842129062548e+02
2.157021523721967924e+02
2.147256066824515415e+02
2.137027727111637319e+02
2.127134777553935692e+02
2.117083479061058426e+02
2.107068641443611341e+02
2.097288417620093242e+02
2.087187101735029842e+02
2.078005832668573873e+02
2.068429537054424543e+02
2.058392823722867604e+02
2.048977623556864955e+02
2.039126427995595350e+02
2.030364652850861376e+02
2.021005327559511784e+02
2.010902297120011610e+02
2.002063750664527788e+02
1.992852981646013291e+02
1.983773717222645701e+02
1.974799041383959661e+02
1.965797506725135122e+02
1.956626699945711891e+02
1.947961645590795285e+02
1.939957921307432116e+02
1.930510393153386133e+02
1.922224165193016461e+02
1.913212649460864441e+02
1.904752262541709342e+02
1.896652726811565799e+02
1.887985688220864517e+02
1.879425842435131528e+02
1.871290868708523760e+02
1.862745269488233930e+02
1.854428910227945266e+02
1.846321571982419414e+02
1.838286777679585100e+02
1.830355089225995471e+02
1.821788323539725809e+02
1.814323168767804191e+02
1.806785187167951392e+02
1.798335809733313795e+02
1.790430930424316784e+02
1.782868922143850057e+02
1.775543183286704050e+02
1.767839451487376152e+02
1.760322156538138074e+02
1.752198114448700323e+02
1.745012467666983582e+02
1.737654046545208359e+02
1.730015972309371364e+02
1.722538758317326995e+02
1.715422697685253581e+02
1.708331228717032957e+02
1.700849039008049601e+02
1.693925879978131093e+02
1.687137832351689894e+02
1.679635589290373616e+02
1.672707456783491580e+02
1.665733044797954108e+02
1.658898605619637294e+02
1.652206801953912532e+02
1.644771328937388546e+02
1.638167657114724705e+02
1.631407547033421963e+02
1.624882356868854174e+02
1.618168732609629785e+02
1.611540995504960279e+02
1.604631744772094635e+02
1.598648606443592826e+02
1.591986160667725301e+02
1.585522324722462315e+02
1.579176731601055224e+02
1.573005937097502738e+02
1.566652958909045310e+02
1.560431901151999909e+02
1.554058388092395830e+02
1.548183381895942148e+02
1.542009040515820288e+02
1.535988676247147851e+02
1.529376471174467156e+02
1.523928617849344960e+02
1.518126547641486184e+02
1.511347163782968153e+02
1.506087585753151927e+02
1.500437492067549954e+02
1.494380921793755022e+02
1.488655431500138491e+02
1.482904607809935555e+02
1.477637069743967970e+02
1.471942718297294732e+02
1.466356194594577289e+02
1.460664721750210617e+02
1.455308322247036301e+02
1.449772025293821969e+02
1.444423354239803245e+02
1.439370010136929636e+02
1.433807962438119716e+02
1.428372290751622131e+02
1.423118347742299079e+02
1.418059093048445902e+02
1.412944564593099415e+02
1.407605711093371497e+02
1.402672134050524448e+02
1.397466295981971030e+02
1.392712030266743852e+02
1.387379480755885197e+02
1.383017575148309390e+02
1.378016512702390628e+02
1.373131287910141225e+02
1.368374596296701782e+02
1.363761774174098207e+02
1.358520614979811967e+02
1.353994136467082114e+02
1.349531465276893982e+02
1.344877886850868833e+02
1.339886656064051067e+02
1.335610240973093994e+02
1.331106375844945262e+02
1.326737048289830341e+02
1.322317007776018443e+02
1.317981588786526288e+02
1.313401566722094174e+02
1.309466339878821088e+02
1.305185275779107315e+02
1.300891557388669355e+02
1.296512453487623588e+02
1.292425738643324280e+02
1.288673674213393952e+02
1.284674772113006043e+02
1.280268124581021993e+02
1.276229471942355786e+02
1.272278350948024865e+02
1.268406974795917819e+02
1.264773423012047289e+02
1.260698826567671631e+02
1.256861140934173449e+02
1.253118667221909135e+02
1.249665439747441127e+02
1.246056126648387874e+02
1.242238029276266218e+02
1.238522126611077283e+02
1.235285567318022544e+02
1.231690390202720664e+02
1.228130472326043616e+02
1.224777702482819564e+02
1.221483516833788059e+02
1.217910745824820680e+02
1.214651987113992107e+02
1.211469116496262899e+02
1.208368000379849576e+02
1.204999455152609187e+02
1.201959941562945460e+02
1.198749975820103941e+02
1.195932044976444928e+02
1.192681397362125608e+02
1.189695831635039411e+02
1.186842400206106873e+02
1.183785359338419170e+02
1.181034469959651858e+02
1.178012956061434835e+02
1.175336903286502661e+02
1.172641449940915095e+02
1.169992144455035969e+02
1.167360128463990776e+02
1.164764957955264038e+02
1.162232227295889260e+02
1.159660077371541007e+02
1.157391398354149317e+02
1.154876521796601594e+02
1.152419469866848942e+02
1.150088342785290081e+02
1.147813638455908034e+02
1.145526941451368543e+02
1.143300356848234998e+02
1.141095345807897985e+02
1.139148837456367005e+02
1.137107507796180101e+02
1.135100560651530941e+02
1.132954546978524348e+02
1.131261562276421131e+02
1.129165644906300656e+02
1.127662821697499140e+02
1.125693499867731902e+02
1.123990731848316074e+02
1.122095657054423867e+02
1.120629654306706442e+02
1.119191673571938708e+02
1.117852184368379795e+02
1.116292124170969373e+02
1.114794077554868750e+02
1.113262469634256746e+02
1.112032892904272359e+02
1.110891031080879827e+02
1.109567594590108399e+02
1.108603827149862298e+02
1.107299168254519088e+02
1.106539410383032163e+02
1.105211177642671601e+02
1.104289459699253371e+02
1.103659953411200121e+02
1.102674347804054520e+02
1.102121849147556105e+02
1.101186810090140966e+02
1.100540282716043805e+02
1.100352813385474064e+02
1.099386368597984500e+02
1.099164030017098526e+02
1.098689372469567758e+02
1.098408240530347513e+02
1.097958522307209392e+02
1.097851034241422923e+02
1.097868908385763831e+02
1.097690743755939025e+02
1.097749819549769086e+02
1.097711674460573761e+02
1.097759931441150769e+02
1.098098125125900850e+02
1.098173325068884765e+02
1.098617569349135721e+02
1.098810780003374248e+02
1.099568338073213454e+02
1.099903565570652404e+02
1.100481353860298128e+02
1.101738718024709556e+02
1.101990048696877267e+02
1.102916655695386510e+02
1.103664899780964532e+02
1.104929009909680957e+02
1.105961838828524719e+02
1.105081327810103602e+02
1.102955310640761439e+02
1.099881945499554945e+02
1.097711660994132075e+02
1.095262885516877560e+02
1.092513005126935610e+02
1.090217793950399567e+02
1.087688853080398133e+02
1.085392425747371448e+02
1.082893721160783400e+02
1.080470141165748430e+02
1.078292752622808592e+02
1.075532892847012647e+02
1.073858666546859979e+02
1.071219482441734385e+02
1.068657120761422448e+02
1.066930917024436667e+02
1.064265977404384671e+02
1.062514761290739500e+02
1.060113522735657341e+02
1.058028716608267104e+02
1.055571234284688273e+02
1.053568237896251247e+02
1.051413370136941694e+02
1.049640939691869477e+02
1.047487582680594471e+02
1.045245977582963093e+02
1.043211707932096175e+02
1.041200907186164670e+02
1.039060987119729162e+02
1.037396783016733082e+02
1.035317244925923887e+02
1.033461299136480136e+02
1.031213787530750068e+02
1.029446710686606679e+02
1.027992769197859104e+02
1.025652765244384312e+02
1.024048034134247303e+02
1.021977396839948966e+02
1.020603780573923700e+02
1.018511437322024733e+02
1.016662355105785309e+02
1.014876700342127549e+02
1.013388139522491258e+02
1.011756162636327758e+02
1.010084209331184155e+02
1.008051310447397526e+02
1.006979028726072585e+02
1.005043624149655841e+02
1.003443808231459826e+02
1.001711290049732952e+02
1.000300483457368443e+02
9.989382317791368848e+01
9.973603871125732212e+01
9.958450860981743347e+01
9.942802603979362175e+01
9.929740314666229040e+01
9.914461526457806428e+01
9.901187026943203762e+01
9.885506185034070370e+01
9.872955303671389515e+01
9.860266362973223409e+01
9.846036502381365096e+01
9.832706237658075565e+01
9.820925471751434088e+01
9.807945431183095764e+01
9.795725921699435901e+01
9.783608520296652955e+01
9.770851380476170789e+01
9.759823013625289434e+01
9.747077834872725077e+01
9.738425087846535178e+01
9.726161862900237054e+01
9.716965183696719066e+01
9.707122244058214733e+01
9.696051403042349648e+01
9.686398705003767873e+01
9.676830471965223524e+01
9.667102424011727635e+01
9.656790325917309303e+01
9.649448233809133058e+01
9.640023521364736325e+01
9.630975735742543975e+01
9.623592612736727858e+01
9.617788540291790866e+01
9.606457018301006201e+01
9.599431958991056035e+01
9.593540093715161277e+01
9.585945451542851004e+01
9.581064118430684573e+01
9.569304712745082497e+01
9.569001985010631017e+01
9.559673220058540721e+01
9.554011693120042992e+01
9.549628010389344013e+01
9.543991240965551981e+01
9.538998322289809551e+01
9.535515335050007479e+01
9.526370503640073650e+01
9.525333323120165119e+01
9.522799804052769446e+01
9.517780760967947629e+01
9.518114726971010953e+01
9.509567564683791829e+01
9.509979983365374778e+01
9.505408867380337767e+01
9.504586227368452001e+01
9.500166938887652179e+01
9.502195519150751579e+01
9.500270743604311008e+01
9.496300577213487770e+01
9.500251870938159016e+01
9.498510137961363853e+01
9.497660745521423564e+01
9.499126187983098646e+01
9.497979164512820205e+01
9.501846366899651741e+01
9.501065492757429354e+01
9.503095646616057479e+01
9.501917434685587693e+01
9.508681121741946640e+01
9.509450656227446075e+01
9.509691585375152556e+01
9.516799392507432742e+01
9.520354233898855512e+01
9.521771507456028871e+01
9.526511056003457156e+01
9.531466817098470301e+01
9.538013677590721784e+01
9.540974383605829701e+01
9.549473019578908861e+01
9.553876216469200244e+01
9.560500752249235745e+01
9.568364679813282692e+01
9.568792443256363356e+01
9.581109859776590554e+01
9.589830200410580119e+01
9.594801801023821497e+01
9.605774126697427562e+01
9.613979868041943178e+01
9.625498061251064996e+01
9.630087110026315145e+01
9.643026933579105275e+01
9.655484593006802641e+01
9.662654646938895553e+01
9.674949242520921189e+01
9.682290523357070811e+01
9.700692772829684429e+01
9.709186929352387097e+01
9.721505359394981838e+01
9.733270104053477212e+01
9.744311648717219043e+01
9.764155511771396334e+01
9.773366344616550805e+01
9.791187647439532782e+01
9.805715433272904136e+01
9.815380553232022010e+01
9.834371151580035075e+01
9.844645672025424687e+01
9.870075165114006666e+01
9.876934012161754595e+01
9.896136518345909394e+01
9.915343367792870310e+01
9.926961293508072970e+01
9.952811651642981872e+01
9.961967297118506792e+01
9.988023046185128351e+01
9.999867525234566301e+01
1.001867851016361897e+02
1.004129888960517007e+02
1.005814022772282641e+02
1.008070975218855665e+02
1.009658436661410263e+02
1.011558624577483556e+02
1.014219662528104493e+02
1.014522291966579530e+02
1.018619483500520033e+02
1.019593817694980515e+02
1.021923214984045956e+02
1.023600796080913113e+02
1.024949454492419534e+02
1.028591612307874357e+02
1.028975772773559214e+02
1.031668961740863892e+02
1.033751514566699257e+02
1.035518244181670866e+02
1.037731837065098830e+02
1.038106159969850495e+02
1.042728149919406064e+02
1.043170306070116453e+02
1.044514735605410323e+02
1.047220180713466817e+02
1.046782292257210401e+02
1.051904085215465301e+02
1.050237039983287133e+02
1.053377823668020881e+02
1.053886682664205665e+02
1.054254578665879620e+02
1.057042205616881034e+02
1.054986082975891293e+02
1.059353667940727775e+02
1.057044948121518928e+02
1.058762615028668677e+02
1.058368510727817409e+02
1.057595637080723066e+02
1.058587367899567226e+02
1.056314836009803173e+02
1.056918506946075098e+02
1.053558668222710537e+02
1.052746828049001664e+02
1.051073097159476788e+02
1.047945932944446383e+02
1.045248448758827777e+02
1.042935639582193659e+02
1.042602114006090801e+02
1.040886707504734545e+02
1.039636773178703351e+02
1.039241058104266671e+02
1.039542777349590210e+02
1.038138899585917727e+02
1.037621983432688779e+02
1.039286732187242563e+02
1.038619126769749954e+02
1.038669879464100774e+02
1.038767732158483881e+02
1.038960907929426156e+02
1.040789528644413195e+02
1.039829561346271163e+02
1.040106848161018434e+02
1.042547442567691007e+02
1.041890164852301552e+02
1.042572460108230672e+02
1.044215602356968162e+02
1.044647612046947387e+02
1.046281465148466339e+02
1.047159365198007919e+02
1.048112969318929402e+02
1.049748908658517053e+02
1.050495522400647133e+02
1.051760662257437673e+02
1.053619861059176941e+02
1.055748753290951925e+02
1.055275214021350791e+02
1.057671690206444879e+02
1.060218625482047941e+02
1.061442345937528842e+02
1.063466783665933377e+02
1.065563217891000249e+02
1.068215832514199093e+02
1.068869082416316871e+02
1.071863369027171586e+02
1.074620315377989641e+02
1.076478853930984769e+02
1.078538905437237219e+02
1.080969859037237057e+02
1.083953322968297783e+02
1.086043472452959406e+02
1.088514745780843072e+02
1.090563380485977660e+02
1.093839742314247019e+02
1.096984733098992706e+02
1.098630705964834533e+02
1.102316200025645259e+02
1.107302947951513801e+02
1.108943297398216430e+02
1.112037579055770777e+02
1.116035257468237489e+02
1.120732731378017917e+02
1.121066611846419079e+02
1.125840250680683141e+02
1.131278662695193020e+02
1.132900172764147300e+02
1.137028204315241595e+02
1.141969715348508743e+02
1.146060761693819643e+02
1.148951001401246543e+02
1.155159230140848905e+02
1.159304569679818400e+02
1.162261847168911544e+02
1.168051460270084476e+02
1.172183740262223068e+02
1.176957732798198037e+02
1.182017477169355715e+02
1.186218554116680792e+02
1.191673268957433720e+02
1.196707204030959986e+02
1.203188072794878138e+02
1.207304519449246953e+02
1.213903184042579397e+02
1.221037017482321829e+02
1.225380310503941814e+02
1.230994053763908198e+02
1.239278231908816110e+02
1.245115161552339629e+02
1.250089171580620615e+02
1.255267222879608511e+02
1.264213587338602878e+02
1.271797142582768316e+02
1.276624926657965489e+02
1.284848809182528271e+02
1.292841662847914677e+02
1.299771805646258258e+02
1.305732010699565251e+02
1.314592086333274210e+02
1.324159735323563609e+02
1.329774896441215901e+02
1.338490653176771730e+02
1.347500010377692661e+02
1.356989913098894931e+02
1.363420301616042423e+02
1.372387042705070144e+02
1.383070503899372170e+02
1.392277023910467619e+02
1.400344660868306619e+02
1.410155851872464723e+02
1.422325890406347071e+02
1.429713176794105038e+02
1.440428703134438422e+02
1.452357206502908866e+02
1.465683608876626636e+02
1.471213243567236475e+02
1.485327889478739394e+02
1.498681871615148964e+02
1.509812362681911679e+02
1.519190252713463565e+02
1.532206431545688474e+02
1.546014271725953790e+02
1.559967629992985962e+02
1.570970580098086771e+02
1.585562807344992109e+02
1.600322428648602795e+02
1.610271525911092851e+02
1.624344604735644566e+02
1.643188466726940646e+02
1.659461780942600910e+02
1.669228508908382764e+02
1.687299596183106019e+02
1.703185227888244526e+02
1.718448199866515154e+02
1.734256685533613904e+02
1.755573875560282602e+02
1.771041893916913352e+02
1.784871871980871560e+02
1.802612563469096472e+02
1.821889641621468456e+02
1.846389099266699532e+02
1.859373089968165402e+02
1.879995510184527348e+02
1.901357002168092265e+02
1.920132960670260616e+02
1.938526870975099428e+02
1.964390849587431092e+02
1.985425517106251903e+02
2.012282115856145310e+02
2.032893631044067604e+02
2.050876358583365118e+02
2.076370300990334954e+02
2.105533042615310819e+02
2.120580268123190706e+02
2.147001193968798987e+02
2.175466953133171160e+02
2.196551323214389413e+02
2.230615345987871194e+02
2.251006711642730522e+02
2.290137830863399984e+02
2.304100638042267803e+02
2.335286695461183513e+02
2.368788687783184912e+02
2.425597555374083356e+02
2.429263318423392661e+02
2.470090119966145323e+02
2.532402277749750681e+02
2.584121049469446234e+02
2.580762964303972922e+02
2.918374826060286296e+02
5.654432786100321664e+02
4.649084757228822014e+02
2.957825868912692613e+02
1.713042366005817598e+02
1.339636788641647343e+02
1.005760685800848648e+02
6.928473199111317626e+01
5.643148203298263610e+01
4.627926875625599479e+01
3.943673341264875631e+01
3.028372547196494935e+01
2.853867680252086103e+01
2.255312380263043082e+01
1.727996811680996814e+01
1.692070608838297119e+01
1.422602192811107535e+01
1.151183929722896337e+01
1.097641541742727789e+01
1.057829209155539552e+01
9.007617396294291368e+00
7.058122860519119968e+00
7.140046194918578060e+00
6.162534521059997772e+00
5.035193677840272386e+00
4.948447992756434211e+00
4.864581031437285930e+00
4.676388882134515868e+00
4.058498174388569524e+00
3.381758431996662928e+00
3.195106082894308308e+00
3.544415482025375042e+00
2.889223699159632730e+00
3.031544781474098116e+00
2.516341159191890942e+00
2.882685046283603114e+00
2.282932996836387840e+00
2.341515093432393613e+00
2.300501461346978527e+00
2.154620069404869387e+00
2.112614357335707016e+00
1.738743977001973917e+00
1.855925622677293330e+00
1.719234900209878347e+00
1.581892296800978537e+00
1.554713156558426235e+00
1.505538745151862479e+00
1.464520908420609446e+00
1.381864130827490600e+00
1.396804997802408854e+00
1.255996042546028590e+00
1.292811114212158774e+00
1.174200713663361872e+00
1.200662358974923016e+00
1.101262995984782389e+00
1.095252757592626747e+00
1.061961999890502550e+00
1.090546671134544177e+00
1.053152433152155787e+00
1.021191895039436748e+00
9.974274940298515357e-01
1.027475105162855673e+00
9.232514761698527028e-01
9.528849092445049740e-01
9.237387541681754133e-01
9.182814245696443445e-01
8.060701994025343264e-01
8.258477701068812626e-01
9.343984227881303450e-01
8.036319747709141925e-01
8.401873962436610110e-01
8.327066814134637118e-01
7.961807199842240168e-01
7.200617380337044349e-01
7.660014421728277290e-01
7.327624141399583513e-01
7.487842374763370445e-01
7.128303776824794769e-01
7.273299652751965549e-01
7.538515859702501487e-01
7.125028122214396298e-01
6.876132470521874041e-01
6.481642751536136338e-01
6.369265384391650242e-01
6.056545464748966934e-01
6.841004565589587916e-01
5.942543299317947225e-01
6.114821124176401668e-01
6.360400338969214307e-01
5.615494771669272689e-01
5.658546909555814963e-01
5.373433859254411749e-01
5.473710788045191844e-01
5.670567015946356149e-01
5.482570082989077775e-01
5.584238434418258290e-01
5.757206618309175239e-01
5.373947807452802428e-01
5.072462276447110563e-01
5.235448975860674814e-01
4.692733358676176580e-01
5.311064919202098666e-01
4.815882154184077391e-01
4.730804817760199121e-01
5.165315411457671591e-01
5.221441649900995241e-01
4.667817719816615418e-01
4.526216348681476598e-01
4.574226266207269687e-01
4.827288298758578011e-01
4.858848002762534146e-01
4.652482961924976346e-01
4.323790771203502858e-01
4.385809119024619562e-01
4.403546841582691718e-01
4.266254485108437189e-01
4.381084442810905810e-01
4.227757220456825893e-01
4.357605893863691904e-01
4.215184776329561345e-01
3.946378797286114737e-01
3.931447207521626686e-01
3.958797379014947215e-01
4.138903343612589936e-01
3.858537023974522584e-01
3.897259644578519588e-01
3.763954696327758143e-01
3.671050153810989092e-01
3.685312438453800521e-01
3.543909378914895103e-01
3.759316286499207460e-01
3.730118362050277581e-01
3.440720086720190363e-01
3.708381669628010302e-01
3.301763426114591171e-01
3.197655305574137463e-01
3.354284759871394850e-01
3.635246842020656843e-01
3.244152040979439433e-01
3.317911469729184493e-01
3.381735821114480456e-01
3.358982017802102926e-01
3.418112555574674971e-01
3.231105906443781373e-01
3.259271796932846077e-01
3.130978228994361068e-01
3.389584705428193012e-01
3.078653446992748455e-01
3.158505240186956775e-01
3.315662852535862792e-01
2.806595830885776910e-01
2.902601767673030353e-01
2.951239288555881357e-01
2.871212699433428051e-01
3.257578179864554779e-01
2.902579659194971518e-01
2.863253620732449378e-01
2.939333034549382329e-01
2.884155735084069638e-01
2.628622340695572213e-01
2.835387731138315770e-01
2.622123930129942604e-01
2.884489220377429164e-01
2.713303795502047810e-01
2.723179724439460658e-01
2.758348074814991890e-01
2.689930598779726179e-01
2.602646275936555398e-01
2.581224809055177039e-01
2.518973816246610209e-01
2.515558655226832196e-01
2.373960801323591885e-01
2.393328391642264297e-01
2.412089551709777902e-01
2.385989351866625863e-01
2.380732417947546975e-01
2.468553534672463246e-01
2.413178502151396843e-01
2.273757362029002194e-01
2.291490825450789581e-01
2.349619651771413797e-01
2.168621854748208899e-01
2.184407584266199742e-01
2.274488431984557357e-01
2.189146633144690435e-01
2.165373365295095165e-01
2.195744842093937943e-01
2.142462066569157941e-01
2.154134411154660644e-01
2.208834689691344944e-01
2.063931759045683767e-01
2.054805275105548168e-01
1.937979438886089367e-01
2.107620696026800411e-01
2.030019860318023617e-01
2.057227784251365321e-01
1.970863240669111227e-01
1.920869657891487725e-01
1.892115370065581559e-01
1.907596858603642920e-01
1.937295928414257129e-01
1.889503856763338208e-01
1.987875447661291983e-01
1.764742661412515290e-01
1.865216782209529467e-01
1.856018320751784967e-01
1.821927003492463670e-01
1.806876451807409856e-01
1.662566129342461507e-01
1.876037183110041417e-01
1.717235486595745930e-01
1.691607156172071080e-01
1.767548338692683796e-01
1.816986605798573406e-01
1.635244462211963845e-01
1.648923375890973542e-01
1.655756017321416418e-01
1.693128696113283260e-01
1.562262213371876929e-01
1.601499306487766394e-01
1.616864617844597229e-01
1.611370180330621571e-01
1.541740550372760199e-01
1.552574209280091488e-01
1.509048581665513866e-01
1.504814438328278825e-01
1.470522343472226434e-01
1.507943980874696943e-01
1.542212064527999638e-01
1.391316580664225533e-01
1.490290289633684206e-01
1.417418067110266522e-01
1.427996076981056794e-01
1.416684944514412237e-01
1.442817786329750329e-01
1.448766509229338084e-01
1.411753805131120698e-01
1.353532311888487327e-01
1.363868751245940758e-01
1.374451256285128264e-01
1.309543439289418965e-01
1.424697504693902828e-01
1.306013878630326308e-01
1.315640124200682659e-01
1.324319758129680336e-01
1.297943261726927366e-01
1.254642578552798426e-01
1.221018399612110866e-01
1.195597419592353133e-01
1.289795900806877671e-01
1.183237412707252023e-01
1.180582163563594633e-01
1.261005013365494309e-01
1.173305832750504568e-01
1.143510434637995399e-01
1.198816503694665886e-01
1.174092220483663185e-01
1.144368330145281998e-01
1.072394198200936205e-01
1.035857330482809618e-01
1.110557011754449153e-01
1.061090056716673391e-01
1.113110115450317988e-01
1.081883370471679456e-01
1.109368341626602028e-01
1.009064125939258261e-01
1.049473896705049175e-01
1.123889965520935147e-01
1.018766592716248143e-01
1.009866937988443264e-01
1.045817042723690832e-01
1.062956803813809997e-01
1.028382253806720686e-01
9.846655488617006569e-02
9.686925521335261469e-02
9.803476436416067030e-02
9.730122307626824785e-02
9.612054610287493195e-02
9.679210303823440609e-02
9.594997125053118803e-02
9.253182489363706575e-02
9.271045160201613067e-02
8.898764337766319754e-02
9.318051827918433228e-02
9.652292233026629753e-02
9.197181414505616048e-02
8.915180739598747850e-02
8.939708568948909195e-02
9.110969894100875988e-02
8.783980908149392752e-02
8.808039518632043707e-02
8.697481035042116393e-02
8.541906362858076029e-02
8.713542091870211947e-02
8.465769231125966354e-02
8.549627765308945304e-02
8.066151430160725666e-02
8.529054561287695291e-02
8.498504626339253853e-02
7.617961607331855123e-02
8.489679164745791984e-02
8.149313035812190409e-02
8.306172463393711458e-02
7.868045334496194532e-02
8.094188932033180572e-02
7.808057176407603994e-02
7.882238695091996206e-02
7.823004097076764751e-02
7.464605849662679649e-02
7.843813864412477188e-02
7.543032584464336165e-02
7.996898623603584944e-02
7.324876801442596619e-02
7.459021345336250275e-02
7.033724313891306923e-02
7.442951985260380654e-02
7.288552349914920181e-02
7.399203755893107859e-02
7.102030675084224087e-02
7.305187861283135575e-02
7.194843358312282000e-02
6.887971804374054541e-02
7.254188678309811400e-02
6.967265474601461173e-02
6.810268623495648044e-02
6.807468101203914546e-02
6.979011377205421307e-02
6.602123894713060603e-02
6.613329938980913592e-02
6.379689786927708606e-02
6.546012376998153193e-02
6.115883134518072806e-02
6.601559714639874954e-02
6.534049787495528616e-02
6.277226288599634108e-02
6.207709181811330718e-02
6.005814858856572958e-02
5.952892377913744648e-02
6.088035867836223691e-02
6.129219857166497837e-02
6.112193942979704531e-02
5.712126917300717338e-02
5.900528777895748533e-02
5.715891505502927739e-02
5.525207170136955254e-02
6.039370244057322423e-02
6.039798679307556428e-02
5.834537501004601751e-02
5.589418167055626441e-02
5.778717902706266563e-02
5.664059800938867767e-02
5.872946477668557208e-02
5.567113357293494713e-02
5.939359746869689316e-02
5.567732849880559221e-02
4.934322084050260515e-02
5.724272415757020172e-02
5.381943185001109020e-02
5.399652236498957147e-02
5.423241035298857066e-02
5.519409688824665483e-02
5.295526110024303262e-02
5.017099930830101057e-02
4.940653434602761823e-02
5.248359156795442265e-02
5.159824048517919204e-02
5.236476103493015177e-02
5.082544213228452901e-02
5.117464471109017810e-02
5.053330891970143901e-02
4.776052964753990659e-02
5.086402358256354728e-02
4.606104972686463073e-02
5.076600882783545432e-02
4.858608377622473246e-02
4.781841799233244039e-02
4.774182560352151217e-02
4.997268074008401340e-02
4.618544963422802768e-02
4.978908382591681198e-02
4.576825050340182360e-02
4.476436850560548686e-02
4.517852644597525336e-02
4.456257843966591331e-02
4.598436885610683589e-02
4.461978852882705904e-02
4.574957744612706545e-02
4.560150767674901046e-02
4.521943272043005974e-02
4.109953084590098338e-02
4.476822820420153087e-02
4.377722780404276481e-02
4.246185427634568271e-02
4.214183335112677009e-02
4.271982000476425012e-02
4.077213130151154108e-02
4.329414487967590125e-02
4.135288101421009943e-02
4.185755386831233743e-02
4.273646595537669568e-02
4.118793026724958117e-02
3.971215560430994829e-02
4.239441475865015491e-02
4.040867632783166213e-02
3.932729273222358712e-02
3.790058981326928367e-02
4.067943703027335905e-02
3.775534023347550117e-02
4.007820726191475835e-02
4.015887978259667646e-02
3.750621037042974060e-02
3.843944011313972509e-02
3.886461770514842984e-02
3.899161145995270333e-02
3.840229130454465845e-02
3.705903574644150988e-02
3.908820556535186341e-02
3.688449828202829822e-02
3.636019966947078713e-02
3.689505592401740031e-02
3.749837738615707794e-02
3.810182131871538147e-02
3.638691002840699351e-02
3.554460830055353182e-02
3.717442740781400773e-02
3.318804306668764192e-02
3.579193851686522654e-02
3.477106755629295887e-02
3.431450405099643192e-02
3.544902145544973071e-02
3.378738459835698565e-02
3.727254744613527071e-02
3.485413316210739937e-02
3.289715261826768600e-02
3.342217872280149604e-02
3.488863054519617674e-02
3.477347756794466754e-02
3.439202497756824184e-02
3.448451089826816418e-02
3.267096480722599117e-02
3.284553679802659776e-02
3.477766361051745636e-02
3.344775993626315086e-02
3.251128465003945422e-02
3.382349479227940436e-02
3.225319763832484865e-02
3.427921859303706409e-02
3.225808281765273761e-02
3.213652796847026039e-02
3.276669788604458927e-02
3.207923676527284218e-02
3.268833504842912074e-02
3.139487857863636905e-02
3.239084879512359183e-02
3.104931605197736033e-02
3.074005315129242979e-02
3.215473571608452874e-02
3.083079947568148627e-02
3.065580188905154407e-02
3.310546341538678911e-02
3.149844426279618803e-02
3.062719507518803924e-02
3.111228172563928335e-02
3.143589050650461708e-02
3.130395617104184125e-02
2.984010502004778159e-02
3.056731816223755629e-02
3.198950341547893844e-02
3.004730772787583826e-02
3.120504870776025924e-02
3.225805522026407163e-02
3.134366324948082566e-02
3.057354069374770139e-02
3.114706134159761497e-02
3.254574709634776297e-02
3.076615599573071999e-02
3.026073390485501877e-02
2.906080145004926590e-02
2.910116377049115632e-02
3.042708742514339121e-02
3.135205575965063773e-02
2.981360908801722331e-02
3.136605850667034678e-02
3.171132021026008829e-02
2.969300153864227673e-02
2.927620261820804148e-02
2.911133705753366982e-02
3.032267566234913420e-02
3.023554245470283508e-02
2.898553519031029507e-02
3.134225412237574837e-02
3.003704883787913782e-02
2.946205369676430791e-02
2.927108604796381172e-02
2.878978840571867065e-02
2.883633857703010034e-02
3.055867856829059745e-02
3.119691402006617362e-02
3.111053688477643034e-02
3.163204895913877823e-02
3.042354606739083173e-02
3.086373925348803032e-02
2.876876640915401739e-02
3.000299425524624586e-02
2.977139077457923583e-02
3.129940150327102655e-02
2.868380453182368603e-02
3.086269258170424787e-02
3.031939842848044298e-02
3.015392390119980837e-02
2.979733743289636472e-02
3.015275704285842046e-02
3.193053974358815716e-02
3.096828101940490158e-02
3.067741985366714830e-02
2.964706597304440569e-02
3.143532407182782207e-02
3.129056297412914633e-02
3.150615082138615020e-02
2.991944545998163549e-02
3.062455118757505951e-02
3.017063853989874686e-02
2.886935090571859236e-02
2.880134305714435183e-02
3.002466550430445830e-02
2.968126774209193727e-02
3.015034735028055898e-02
3.019517221461836057e-02
2.974564612143915793e-02
2.996705664689051224e-02
2.865138838071588576e-02
2.957664106296872125e-02
2.869741600275625346e-02
2.943690889127758073e-02
2.994600645630664595e-02
2.949808796361642199e-02
2.956690739695309530e-02
2.985781293945453593e-02
2.986491744878379609e-02
2.936920368563414319e-02
2.902345354307758057e-02
2.819455816657373548e-02
2.946309011492085836e-02
2.770115642091481797e-02
2.845959717014438436e-02
2.921245779430699935e-02
2.920143837702105644e-02
2.923926457329721271e-02
2.831111387760195178e-02
2.885948173607029779e-02
2.876948396001276567e-02
2.960202714290535025e-02
2.683516398768797523e-02
2.962308657541363327e-02
2.863865014188982094e-02
2.824661343391194832e-02
2.848788767362685562e-02
2.890442328418104528e-02
2.932419870692453204e-02
2.867929611263841938e-02
2.713472459547663224e-02
2.958982957668217922e-02
2.720689982906408441e-02
2.874441318821342392e-02
2.810897146851704803e-02
2.925638046173279980e-02
2.841584011282602407e-02
2.972706091514258978e-02
2.880924457824203880e-02
2.863562895431510241e-02
2.850742562845805933e-02
2.845606221230558355e-02
2.941066274992646529e-02
2.736837138028548957e-02
2.885625216763749307e-02
2.932483315864771803e-02
2.918225660889473688e-02
2.922391077575251656e-02
2.722989905858087117e-02
2.919634723458719439e-02
2.825926528362857071e-02
2.775092575645227155e-02
2.881209130284297787e-02
2.791134948923965770e-02
2.842447950463168269e-02
2.892319864802122067e-02
2.876632197137883248e-02
2.846160650234894063e-02
2.825439835955413995e-02
2.767033826295012267e-02
2.935671735133133994e-02
2.853218774301694710e-02
2.715512650412315113e-02
2.630829413983834519e-02
2.742647083747952810e-02
2.797452919028787718e-02
2.899694853472361417e-02
2.694744784319037106e-02
2.814027167459803858e-02
2.780944142510240538e-02
2.822933553686658020e-02
2.823278702047590794e-02
2.797724459925844329e-02
2.791124152905841149e-02
2.975272950882210110e-02
2.790519165169518326e-02
2.849208494880907730e-02
2.939568456921294246e-02
2.814978446609840007e-02
2.970098939797006718e-02
2.841933513360732702e-02
3.005845144854108961e-02
2.984178821820461167e-02
2.837307638958010830e-02
2.958612800750425736e-02
2.973903382343686536e-02
2.723029903955646522e-02
3.099781897088208643e-02
2.842514542773950242e-02
2.872067282821950257e-02
3.086810618806224565e-02
2.977225130201232445e-02
3.058089905498812683e-02
2.956467279668807333e-02
3.207161775610697235e-02
2.907731594412547166e-02
3.026536177846560552e-02
3.053559942904119848e-02
2.852277878093988431e-02
3.108361916474964431e-02
2.943164309555753450e-02
3.008828305559444957e-02
3.050778536375508068e-02
3.144680893962683438e-02
3.200515274104368674e-02
3.132165330021649541e-02
3.274464992409883979e-02
3.032658383954588491e-02
3.265598604144255568e-02
3.150357219548927806e-02
3.133700417540974392e-02
3.095847482484966398e-02
3.027926787851739632e-02
3.121135645644871476e-02
3.104692660565353673e-02
3.004594552621112080e-02
3.228059171419696977e-02
3.175718659821031437e-02
3.357916256103084252e-02
3.227399708720912058e-02
3.178015595411096128e-02
3.190840130341496966e-02
3.161139715158829688e-02
3.355104011124868807e-02
3.325131902368951703e-02
3.208013829588544225e-02
3.350589236133172388e-02
3.171091636179017292e-02
3.454614435097821956e-02
3.341335156012697344e-02
3.296729630197148958e-02
3.500414781350145305e-02
3.417308770022828290e-02
3.289961486658372902e-02
3.301668689945407020e-02
3.459036188423122993e-02
3.410328107893890320e-02
3.673497619284009363e-02
3.363289690397094217e-02
3.410288427760817254e-02
3.502771626158091012e-02
3.433181883952983460e-02
3.607332007547760233e-02
3.631779580168457977e-02
3.538652759717576118e-02
3.562377123785669120e-02
3.716024244689143663e-02
3.743363358754820541e-02
3.770197280787524613e-02
3.747239046905186111e-02
3.600858340428255561e-02
3.625912727124186441e-02
3.803746722081759873e-02
3.698773772121845271e-02
3.908209191773218821e-02
3.994544703238960687e-02
3.670282115226389946e-02
3.819736586104485049e-02
3.857753375314115080e-02
4.086755516537683708e-02
3.896739636974698440e-02
3.954942594620981799e-02
4.172269491745840553e-02
4.121508009894949559e-02
4.266063264455340065e-02
4.063385142997991140e-02
3.811375599602247893e-02
3.952552144398788908e-02
4.069814227798070755e-02
4.260514208630092337e-02
4.024270540355131404e-02
4.069759103810818152e-02
4.146312565443761172e-02
4.182590988442684565e-02
4.353553834143879947e-02
4.213673071063454845e-02
4.333145782552315362e-02
4.515241842716076481e-02
4.356677118721983405e-02
4.451921028100568056e-02
4.364242586298100468e-02
4.480507181984842019e-02
4.433933728761048354e-02
4.488785133195954263e-02
4.256564930977121269e-02
4.744988805589551994e-02
4.495404916859939426e-02
4.268976128715221835e-02
4.752411826261351835e-02
4.841978521261808971e-02
4.418136237118188564e-02
4.535139042322314240e-02
4.415593565305921814e-02
4.446536928125276178e-02
4.295652738900038181e-02
4.716748607102588114e-02
4.415821022778078364e-02
4.707880886826869282e-02
4.674136054067380697e-02
4.751722606800891369e-02
4.892691774663532334e-02
4.949893043897777428e-02
4.907083383185602277e-02
5.092026259902278362e-02
4.921757043757887112e-02
4.433772922260583588e-02
4.767259793741179114e-02
4.751167349886215030e-02
4.677342008515993077e-02
5.016670552704823732e-02
5.039125050181358922e-02
5.095264979154192492e-02
5.127305551841603026e-02
4.902186270932562540e-02
4.861998954220108499e-02
5.065531580468542183e-02
5.041462717291639306e-02
4.809517070042589049e-02
5.098828550576699203e-02
4.932770862330742440e-02
5.359231535559135645e-02
4.914369988935649719e-02
5.326539762114405191e-02
5.234870800312431405e-02
4.919664823524629027e-02
5.100487678846675477e-02
5.535296680707023353e-02
5.541760540288671877e-02
5.661876598056009291e-02
5.495937942390995146e-02
5.455353470113671888e-02
5.889532532938126369e-02
5.913756371744904872e-02
6.139780638660904261e-02
5.699231871489881390e-02
6.204947162078314898e-02
5.443474890704539521e-02
5.989792639121852696e-02
6.103326271425133648e-02
5.938777367189417011e-02
6.262111400656551752e-02
5.810159446464800009e-02
5.761738196701121639e-02
6.365266683902651157e-02
6.281408015154747726e-02
6.512851858001088290e-02
6.131172274702616221e-02
6.257968902838483005e-02
6.532471642761322750e-02
6.369473003636301478e-02
6.694262534238237805e-02
6.762146391391768430e-02
6.848666636853857625e-02
6.232059467008897041e-02
6.455789692589523898e-02
6.711718301716813884e-02
7.130120095958036863e-02
7.297163273512724535e-02
7.733973839276800377e-02
6.735018610153450935e-02
6.857851769812831066e-02
7.209706738551778515e-02
7.083604303499582699e-02
7.490532528508668519e-02
7.233593966953091869e-02
8.043826326081406075e-02
7.902304311897233313e-02
7.488437972930755970e-02
7.614474950211033710e-02
8.240303821077751834e-02
7.544930205335272089e-02
8.854961092421183289e-02
8.939098947544617257e-02
8.444355438686865223e-02
9.291539805874084179e-02
8.947152313559633696e-02
8.350584395713260555e-02
9.136080569637269888e-02
8.644873893554820554e-02
9.126462297940902968e-02
8.139874950277971311e-02
9.501080389617372335e-02
9.609588751412299901e-02
8.797164097558955731e-02
9.871191247991266404e-02
8.542248804315979993e-02
9.732128789289591630e-02
9.376471129099449298e-02
1.022699136801889647e-01
1.007295975669187105e-01
1.023144730992331664e-01
1.005426629199890343e-01
9.771821675108276206e-02
9.596967373004601509e-02
1.074151347826965974e-01
1.061066117628269856e-01
1.139254807752342752e-01
1.217261722462802676e-01
1.218585495137319424e-01
1.170945953978488052e-01
1.181328778273294244e-01
1.184268879824007942e-01
1.210996750214577977e-01
1.210674614681289951e-01
1.286976631364060708e-01
1.207516980202241186e-01
1.302039149751471059e-01
1.600536329110210931e-01
1.395852842122762005e-01
1.444066013285822403e-01
1.355887939532433029e-01
1.443593161445370643e-01
1.594941864776762974e-01
1.539554144098591315e-01
1.419348624922902868e-01
1.590626112642215539e-01
1.759119539091059670e-01
1.833173048225501256e-01
1.678936409548016651e-01
1.806684198540187691e-01
1.924659845908904265e-01
2.038049523508746463e-01
1.726004271908715970e-01
2.079096462120821887e-01
1.915709289617800182e-01
2.050684108406686801e-01
2.477440038921432386e-01
2.482266803839631719e-01
2.281538544003193780e-01
2.444832631667111511e-01
2.746095317484669729e-01
2.970445465644575012e-01
2.744895084073412095e-01
2.471939303174477409e-01
3.246311917201556985e-01
3.630679695633857729e-01
3.383298350114064545e-01
3.271000924501268337e-01
3.789936449350198022e-01
4.754108815015128942e-01
4.163602441855600023e-01
4.223394858015672715e-01
5.095543089579360752e-01
6.024507823159109821e-01
5.803992151696445445e-01
5.708987786889206939e-01
9.722031789254590439e-01
7.645851634732261370e-01
7.847130526947534435e-01
9.848042321627898943e-01
1.295995331524304017e+00
1.244112321667638632e+00
1.545948358674546830e+00
2.481690331797731019e+00
4.478385643120227577e+00
4.829572498272590053e+00
1.738781049735110784e+01
